[gd_resource type="Resource" load_steps=2 format=3 uid="uid://cooy3qrli8hi8"]

[ext_resource type="Script" path="res://addons/vsk_avatar/hand_pose.gd" id="1"]

[resource]
script = ExtResource( "1" )
thumb_proximal = Transform3D(0.715798, 0.313562, 0.623948, -0.400315, 0.916377, -0.00127461, -0.572171, -0.248864, 0.781464, 0, 0, 0)
thumb_intermediate = Transform3D(0.911344, 0.233499, -0.339015, -0.28145, -0.247547, -0.927096, -0.300398, 0.940318, -0.159882, -5.68434e-14, -1.15484e-07, -1.49012e-08)
thumb_distal = Transform3D(0.97866, 0.204099, -0.0238426, -0.204648, 0.978555, -0.0234292, 0.0185494, 0.0278085, 0.999441, -1.19209e-07, 7.82311e-08, 7.10543e-15)
index_proximal = Transform3D(1, 3.11275e-08, 5.95992e-08, 5.95992e-08, 0, -1, -3.11275e-08, 1, 0, 0, 0, 0)
index_intermediate = Transform3D(1, 5.95992e-08, -3.11406e-08, -3.11406e-08, 0, -1, -5.95992e-08, 1, 0, 0, -1.19209e-07, 5.96046e-08)
index_distal = Transform3D(1, 0, 0, 0, 0.906, -0.423, 0, 0.423, 0.906, 0, 0, 0)
middle_proximal = Transform3D(1, 3.11333e-08, 5.96009e-08, 5.96009e-08, 0, -1, -3.11333e-08, 1, 0, 0, 0, 0)
middle_intermediate = Transform3D(1, 5.96003e-08, -3.11325e-08, -3.11325e-08, 0, -1, -5.96003e-08, 1, 0, 3.72529e-09, 0, 0)
middle_distal = Transform3D(1, 9.0575e-09, -1.18383e-08, -1.3212e-08, 0.906307, -0.422619, 6.90125e-09, 0.422619, 0.906307, 0, 0, 0)
ring_proximal = Transform3D(1, 3.11333e-08, 5.96003e-08, 5.96003e-08, 0, -1, -3.11333e-08, 1, 0, 0, 0, 0)
ring_intermediate = Transform3D(1, 5.95973e-08, -3.11363e-08, -3.11363e-08, 0, -1, -5.95973e-08, 1, 0, 0, 0, 0)
ring_distal = Transform3D(1, 9.057e-09, -1.184e-08, -1.32123e-08, 0.906307, -0.422619, 6.90305e-09, 0.422619, 0.906307, 0, 0, 0)
little_proximal = Transform3D(1, 3.11379e-08, 5.96e-08, 5.96e-08, 0, -1, -3.11379e-08, 1, 0, 0, 0, 0)
little_intermediate = Transform3D(1, 5.96024e-08, -3.11363e-08, -3.11363e-08, 0, -1, -5.96024e-08, 1, 0, 0, 0, 0)
little_distal = Transform3D(1, 9.05577e-09, -1.18395e-08, -1.32109e-08, 0.906307, -0.422619, 6.90305e-09, 0.422619, 0.906307, 0, 0, 0)
