[gd_resource type="Resource" load_steps=2 format=3 uid="uid://btgmng0lm7tr0"]

[ext_resource type="Script" path="res://addons/vsk_avatar/hand_pose.gd" id="1"]

[resource]
script = ExtResource( "1" )
thumb_proximal = Transform3D(0.832879, 0.167777, 0.527411, -0.169669, 0.984462, -0.0452344, -0.526806, -0.0518103, 0.848405, 0, 0, 0)
thumb_intermediate = Transform3D(0.911344, 0.233499, -0.339015, -0.28145, -0.247547, -0.927096, -0.300398, 0.940318, -0.159882, -1.19209e-07, -4.09782e-08, 2.98023e-08)
thumb_distal = Transform3D(0.97866, 0.204099, -0.0238426, -0.204648, 0.978555, -0.0234292, 0.0185494, 0.0278085, 0.999441, -2.38419e-07, 5.58794e-08, 5.96047e-08)
index_proximal = Transform3D(1, 8.9232e-13, -1.81899e-12, -8.9232e-13, 1, 4.54748e-13, 1.81899e-12, -4.54748e-13, 1, 0, 0, 0)
index_intermediate = Transform3D(1, 4.33876e-13, 0, -4.33876e-13, 1, 0, 0, 0, 1, 0, 0, 0)
index_distal = Transform3D(1, -3.13442e-12, 0, 3.13442e-12, 1, 0, 0, 0, 1, 0, 0, 0)
middle_proximal = Transform3D(1, 3.11333e-08, 5.96009e-08, 5.96009e-08, 0, -1, -3.11333e-08, 1, 0, 0, 0, 0)
middle_intermediate = Transform3D(1, 5.96003e-08, -3.11325e-08, -3.11325e-08, 0, -1, -5.96003e-08, 1, 0, 3.72529e-09, 0, 5.96046e-08)
middle_distal = Transform3D(1, 9.05711e-09, -1.18391e-08, -1.3212e-08, 0.906307, -0.422619, 6.90215e-09, 0.422619, 0.906307, 3.72532e-09, -5.96046e-08, -1.19209e-07)
ring_proximal = Transform3D(1, 3.11333e-08, 5.96e-08, 5.96e-08, 0, -1, -3.11333e-08, 1, 0, 0, 0, 0)
ring_intermediate = Transform3D(1, 5.95978e-08, -3.11354e-08, -3.11354e-08, 0, -1, -5.95978e-08, 1, 0, 7.45058e-09, 0, 5.96046e-08)
ring_distal = Transform3D(1, 9.05715e-09, -1.18402e-08, -1.32125e-08, 0.906307, -0.422619, 6.90317e-09, 0.422619, 0.906307, -7.10543e-15, -5.96046e-08, -1.19209e-07)
little_proximal = Transform3D(1, 3.11379e-08, 5.96e-08, 5.96e-08, 0, -1, -3.11379e-08, 1, 0, 0, 0, 0)
little_intermediate = Transform3D(1, 5.96029e-08, -3.11368e-08, -3.11368e-08, 0, -1, -5.96029e-08, 1, 0, 7.45058e-09, 1.19209e-07, 5.96046e-08)
little_distal = Transform3D(1, 0, 0, 0, 0.906, -0.423, 0, 0.423, 0.906, 0, 0, 0)
