[gd_resource type="Resource" load_steps=2 format=3 uid="uid://dkmovgiafx8du"]

[ext_resource type="Script" path="res://addons/vsk_avatar/hand_pose.gd" id="1"]

[resource]
script = ExtResource( "1" )
thumb_proximal = Transform3D(0.953726, -0.29936, 0.028115, 0.248055, 0.83621, 0.489103, -0.169928, -0.459496, 0.871773, 0, 0, 0)
thumb_intermediate = Transform3D(1, 2.24479e-08, 9.02191e-08, -6.37642e-08, 0.871805, 0.489852, -6.76573e-08, -0.489852, 0.871805, -1.19209e-07, 4.84288e-08, -7.10543e-15)
thumb_distal = Transform3D(1, 4.75444e-08, -4.03127e-08, -4.25276e-08, 0.993199, 0.116427, 4.5574e-08, -0.116427, 0.993199, 0, 1.3411e-07, 5.96047e-08)
index_proximal = Transform3D(1, 3.11284e-08, 5.95996e-08, 5.95995e-08, -1.19209e-07, -1, -3.11284e-08, 1, -1.19209e-07, 0, 0, 0)
index_intermediate = Transform3D(1, 5.95992e-08, -3.11404e-08, -3.11404e-08, -1.19209e-07, -1, -5.95992e-08, 1, -1.19209e-07, 0, -1.19209e-07, 5.96046e-08)
index_distal = Transform3D(1, 0, 0, 0, 0.906, -0.423, 0, 0.423, 0.906, 0, 0, 0)
middle_proximal = Transform3D(1, 3.11334e-08, 5.9601e-08, 5.9601e-08, -1.19209e-07, -1, -3.11334e-08, 1, -1.19209e-07, 0, 0, 0)
middle_intermediate = Transform3D(1, 5.96004e-08, -3.11325e-08, -3.11325e-08, -1.19209e-07, -1, -5.96004e-08, 1, -1.19209e-07, 3.72529e-09, 0, 0)
middle_distal = Transform3D(1, 9.0576e-09, -1.18383e-08, -1.32121e-08, 0.906308, -0.422618, 6.90125e-09, 0.422618, 0.906308, 0, 0, 0)
ring_proximal = Transform3D(1, 3.11334e-08, 5.96003e-08, 5.96003e-08, -1.19209e-07, -1, -3.11334e-08, 1, -1.19209e-07, 0, 0, 0)
ring_intermediate = Transform3D(1, 5.95974e-08, -3.11362e-08, -3.11362e-08, -1.19209e-07, -1, -5.95974e-08, 1, -1.19209e-07, 0, 0, 0)
ring_distal = Transform3D(1, 9.05699e-09, -1.184e-08, -1.32122e-08, 0.906308, -0.422618, 6.90306e-09, 0.422618, 0.906308, 0, 0, 0)
little_proximal = Transform3D(1, 3.11379e-08, 5.96001e-08, 5.96001e-08, -1.19209e-07, -1, -3.11379e-08, 1, -1.19209e-07, 0, 0, 0)
little_intermediate = Transform3D(1, 5.96024e-08, -3.11363e-08, -3.11363e-08, -1.19209e-07, -1, -5.96024e-08, 1, -1.19209e-07, 0, 0, 0)
little_distal = Transform3D(1, 9.05599e-09, -1.18396e-08, -1.32111e-08, 0.906308, -0.422618, 6.90307e-09, 0.422618, 0.906308, 0, 0, 0)
