[gd_resource type="Resource" load_steps=2 format=3 uid="uid://13ej63lnd6md"]

[ext_resource type="Script" path="res://addons/vsk_avatar/hand_pose.gd" id="1"]

[resource]
script = ExtResource( "1" )
thumb_proximal = Transform3D(0.983181, 0.182632, -1.32182e-07, -0.182632, 0.983181, 1.23149e-07, 1.5245e-07, -9.69368e-08, 1, 0, 0, 0)
thumb_intermediate = Transform3D(1, -7.17447e-10, -6.10917e-08, -1.77806e-08, 0.953231, -0.302243, 5.84513e-08, 0.302243, 0.953231, -1.19209e-07, -7.07805e-08, -1.19209e-07)
thumb_distal = Transform3D(1, 3.93812e-08, 1.99031e-08, -3.14341e-08, 0.95235, -0.305006, -3.09662e-08, 0.305006, 0.95235, -1.19209e-07, -1.49012e-08, 7.10543e-15)
index_proximal = Transform3D(1, -1.29633e-06, -6.48017e-07, 1.23354e-06, 0.996035, -0.0889613, 7.60771e-07, 0.0889613, 0.996035, 0, 0, 0)
index_intermediate = Transform3D(1, 3.06614e-06, 2.42898e-06, -2.5786e-06, 0.983652, -0.18008, -2.94142e-06, 0.18008, 0.983652, 3.72529e-09, 5.96046e-08, -1.19209e-07)
index_distal = Transform3D(1, 0, 0, 0, 0.988, -0.157, 0, 0.157, 0.988, 0, 0, 0)
middle_proximal = Transform3D(1, -4.90514e-07, -4.0142e-07, 4.52858e-07, 0.996035, -0.0889613, 4.43465e-07, 0.0889613, 0.996035, 0, 0, 0)
middle_intermediate = Transform3D(1, -1.1405e-06, -9.53176e-07, 9.50204e-07, 0.983652, -0.18008, 1.14298e-06, 0.18008, 0.983652, 3.72529e-09, -5.96046e-08, 0)
middle_distal = Transform3D(1, 5.04238e-07, 5.17421e-07, -4.16995e-07, 0.987664, -0.156589, -5.89996e-07, 0.156589, 0.987664, 0, 0, 1.19209e-07)
ring_proximal = Transform3D(1, -3.15173e-07, -2.82015e-07, 2.88835e-07, 0.996035, -0.0889613, 3.08935e-07, 0.0889613, 0.996035, 0, 0, 0)
ring_intermediate = Transform3D(1, 4.63977e-07, 4.16019e-07, -3.81475e-07, 0.983652, -0.18008, -4.92771e-07, 0.18008, 0.983652, -7.45057e-09, -5.96046e-08, 5.68434e-14)
ring_distal = Transform3D(1, 8.59983e-08, -8.85907e-09, -8.63246e-08, 0.987664, -0.156589, -4.71662e-09, 0.156589, 0.987664, -1.49012e-08, -2.98023e-08, -1.19209e-07)
little_proximal = Transform3D(1, 6.6072e-07, 6.33404e-07, -6.01752e-07, 0.996035, -0.0889613, -6.89671e-07, 0.0889613, 0.996035, 0, 0, 0)
little_intermediate = Transform3D(1, 2.79622e-07, 1.64221e-07, -2.45478e-07, 0.983652, -0.18008, -2.11891e-07, 0.18008, 0.983652, 7.45058e-09, 5.96046e-08, -1.19209e-07)
little_distal = Transform3D(1, 3.86389e-06, 3.1992e-06, -3.31527e-06, 0.987664, -0.156589, -3.76478e-06, 0.156589, 0.987664, -7.45061e-09, 2.98023e-08, 0)
