[gd_resource type="Resource" load_steps=2 format=3 uid="uid://78xlbwmmj2n4"]

[ext_resource type="Script" path="res://addons/vsk_avatar/hand_pose.gd" id="1"]

[resource]
script = ExtResource( "1" )
thumb_proximal = Transform3D(0.715798, 0.313562, 0.623948, -0.400315, 0.916377, -0.00127461, -0.572171, -0.248864, 0.781464, 0, 0, 0)
thumb_intermediate = Transform3D(0.911344, 0.233499, -0.339015, -0.28145, -0.247547, -0.927096, -0.300398, 0.940318, -0.159882, -5.68434e-14, -1.15484e-07, -1.49012e-08)
thumb_distal = Transform3D(0.97866, 0.204099, -0.0238426, -0.204648, 0.978555, -0.0234292, 0.0185494, 0.0278085, 0.999441, -1.19209e-07, 7.82311e-08, 7.10543e-15)
index_proximal = Transform3D(0.989035, -0.14768, -5.7413e-07, 0.14768, 0.989035, 1.22511e-06, 3.8691e-07, -1.29647e-06, 1, 0, 0, 0)
index_intermediate = Transform3D(1, 4.33932e-13, 1.81899e-12, -4.33932e-13, 1, -1.81899e-12, -1.81899e-12, 1.81899e-12, 1, -1.30385e-08, -5.96046e-08, 0)
index_distal = Transform3D(1, 0, 0, 0, 1, 0, 0, 0, 1, 0, 0, 0)
middle_proximal = Transform3D(0.995722, 0.092401, 2.28484e-08, -0.092401, 0.995722, 4.79961e-07, 2.15982e-08, -4.80019e-07, 1, 0, 0, 0)
middle_intermediate = Transform3D(1, -2.7572e-13, -2.27374e-13, 2.7572e-13, 1, -5.16988e-26, 2.27374e-13, -1.09928e-26, 1, 3.72529e-09, 0, 0)
middle_distal = Transform3D(1, -2.16452e-13, -1.96862e-25, 2.16452e-13, 1, 9.09494e-13, -5.54668e-32, -9.09494e-13, 1, 2.84217e-14, 5.96046e-08, 0)
ring_proximal = Transform3D(1, 3.11333e-08, 5.96e-08, 5.96e-08, 0, -1, -3.11333e-08, 1, 0, 0, 0, 0)
ring_intermediate = Transform3D(1, 5.95978e-08, -3.11354e-08, -3.11354e-08, 0, -1, -5.95978e-08, 1, 0, 7.45058e-09, 0, 5.96046e-08)
ring_distal = Transform3D(1, 9.05715e-09, -1.18402e-08, -1.32125e-08, 0.906307, -0.422619, 6.90317e-09, 0.422619, 0.906307, -7.10543e-15, -5.96046e-08, -1.19209e-07)
little_proximal = Transform3D(1, 3.11379e-08, 5.96e-08, 5.96e-08, 0, -1, -3.11379e-08, 1, 0, 0, 0, 0)
little_intermediate = Transform3D(1, 5.96029e-08, -3.11368e-08, -3.11368e-08, 0, -1, -5.96029e-08, 1, 0, 7.45058e-09, 1.19209e-07, 5.96046e-08)
little_distal = Transform3D(1, 9.05577e-09, -1.18395e-08, -1.32109e-08, 0.906307, -0.422619, 6.90305e-09, 0.422619, 0.906307, -7.45058e-09, -5.96046e-08, -1.19209e-07)
