[gd_resource type="Resource" load_steps=2 format=3 uid="uid://cbprtlk7npvcb"]

[ext_resource type="Script" path="res://addons/vsk_avatar/hand_pose.gd" id="1"]

[resource]
script = ExtResource( "1" )
thumb_proximal = Transform3D(0.250586, -0.692172, 0.676834, 0.605809, 0.657449, 0.448057, -0.755117, 0.297756, 0.584072, 0, 0, 0)
thumb_intermediate = Transform3D(0.911116, 0.295636, 0.287172, 0.173533, 0.356823, -0.917912, -0.373838, 0.886158, 0.273805, -1.19209e-07, -1.15484e-07, -1.11759e-08)
thumb_distal = Transform3D(0.775579, -0.0330847, 0.630383, 0.240384, 0.938864, -0.246476, -0.583689, 0.342696, 0.736116, -1.78814e-07, 2.98023e-08, 1.19209e-07)
index_proximal = Transform3D(0.951481, -0.0216897, -0.306943, -0.268246, 0.430256, -0.86193, 0.150759, 0.902446, 0.403562, 0, 0, 0)
index_intermediate = Transform3D(1, -5.2714e-08, -2.93916e-08, 2.17955e-08, 0.769534, -0.638606, 5.62813e-08, 0.638606, 0.769534, 3.1665e-08, -5.96046e-08, 0)
index_distal = Transform3D(1, 0, 0, 0, 0.442, -0.897, 0, 0.897, 0.442, 0, 0, 0)
middle_proximal = Transform3D(0.998757, -0.0496447, -0.00434296, 0.0498343, 0.994957, 0.0870478, -4.06755e-07, -0.087156, 0.996195, 0, 0, 0)
middle_intermediate = Transform3D(1, 2.51334e-09, 1.39607e-10, -2.51334e-09, 1, 7.45058e-09, -1.39607e-10, -7.45058e-09, 1, 1.86265e-08, 0, 0)
middle_distal = Transform3D(1, 6.50984e-10, 1.40972e-10, -6.50984e-10, 1, -9.18005e-20, -1.40972e-10, 3.02599e-23, 1, -1.49011e-08, -1.19209e-07, 2.84217e-14)
ring_proximal = Transform3D(0.996867, 0.0779, 0.0137364, -0.0791018, 0.981722, 0.173104, -5.25266e-07, -0.173648, 0.984808, 0, 0, 0)
ring_intermediate = Transform3D(1, 1.5171e-09, 7.09406e-11, -1.5171e-09, 1, -7.45058e-09, -7.09406e-11, 7.45058e-09, 1, 4.19095e-09, 1.19209e-07, 5.68434e-14)
ring_distal = Transform3D(1, 1.60165e-09, -4.10864e-10, -1.60165e-09, 1, -7.45058e-09, 4.10864e-10, 7.45058e-09, 1, 2.3283e-09, 1.19209e-07, 0)
little_proximal = Transform3D(0.97338, 0.215377, 0.0783888, -0.229198, 0.914677, 0.332918, 2.33948e-06, -0.342022, 0.939692, 0, 0, 0)
little_intermediate = Transform3D(1, 4.292e-09, -2.45928e-09, -4.292e-09, 1, 1.0555e-17, 2.45928e-09, 2.45259e-22, 1, 2.23517e-08, -1.19209e-07, 0)
little_distal = Transform3D(1, -1.61935e-09, -2.9686e-09, 1.61935e-09, 1, 1.49016e-08, 2.9686e-09, -1.49016e-08, 1, 2.23517e-08, -1.19209e-07, 0)
