[gd_resource type="Resource" load_steps=2 format=3 uid="uid://da3r28h3ddrnx"]

[ext_resource type="Script" path="res://addons/vsk_avatar/hand_pose.gd" id="1"]

[resource]
script = ExtResource( "1" )
thumb_proximal = Transform3D(0.990106, -0.125596, -0.0625754, 0.132251, 0.984291, 0.116965, 0.046902, -0.124084, 0.991163, 0, 0, 0)
thumb_intermediate = Transform3D(1, -1.65391e-12, -2.9806e-08, 1.65391e-12, 1, -9.09496e-13, 2.9806e-08, 9.09496e-13, 1, -2.38419e-07, 8.56817e-08, 0)
thumb_distal = Transform3D(1, -2.98021e-08, -2.84217e-14, 2.98021e-08, 1, -4.54748e-13, 2.84217e-14, 4.54748e-13, 1, -2.38419e-07, 2.98023e-08, -1.19209e-07)
index_proximal = Transform3D(0.970733, -0.240159, 3.65547e-07, 0.240159, 0.970733, 3.51072e-06, -1.19798e-06, -3.32019e-06, 1, 0, 0, 0)
index_intermediate = Transform3D(1, 4.33876e-13, 0, -4.33876e-13, 1, 0, 0, 0, 1, 3.1665e-08, 0, -5.68434e-14)
index_distal = Transform3D(1, 0, 0, 0, 1, 0, 0, 0, 1, 0, 0, 0)
middle_proximal = Transform3D(0.99609, -0.0883421, -1.94116e-08, 0.0883421, 0.99609, 4.68586e-07, -2.20602e-08, -4.68469e-07, 1, 0, 0, 0)
middle_intermediate = Transform3D(1, -3.72556e-09, -2.27374e-13, 3.72556e-09, 1, -8.47085e-22, 2.27374e-13, -1.14606e-26, 1, 3.72529e-09, 5.96046e-08, 0)
middle_distal = Transform3D(1, -3.72551e-09, 0, 3.72551e-09, 1, 0, 0, 0, 1, -7.45058e-09, 0, 2.84217e-14)
ring_proximal = Transform3D(0.982411, 0.186733, -6.32649e-08, -0.186733, 0.982411, -6.33425e-07, -5.61292e-08, 6.34097e-07, 1, 0, 0, 0)
ring_intermediate = Transform3D(1, -3.92769e-13, 0, 3.92769e-13, 1, 0, 0, 0, 1, -7.45057e-09, 5.96046e-08, 5.68434e-14)
ring_distal = Transform3D(1, -6.5383e-13, 1.13687e-13, 6.5383e-13, 1, -9.09494e-13, -1.13687e-13, 9.09494e-13, 1, 0, 0, 0)
little_proximal = Transform3D(0.957249, 0.289264, 2.97428e-07, -0.289264, 0.957249, 2.0539e-06, 3.09407e-07, -2.05213e-06, 1, 0, 0, 0)
little_intermediate = Transform3D(1, 7.97696e-14, 0, -7.97696e-14, 1, 0, 0, 0, 1, 0, 5.96046e-08, 1.19209e-07)
little_distal = Transform3D(1, 1.49007e-08, 1.35521e-20, -1.49007e-08, 1, 9.09494e-13, -1.1713e-26, -9.09494e-13, 1, 1.49011e-08, 5.96046e-08, 1.19209e-07)
